Camera : 1
Pic Principle Coordinate: (Cx,Cy)
1201.46 1199.88

Equivalent Focal Length: (Fx,Fy)
798.352 800.903

Translation Vector: (Tx,Ty,Tz)
50.0287 49.9909 50.0193

Rotation Matrix: (r0 ~ r8)
    0.999999   0.00140636 -0.000772233
-0.000608233            1  0.000294698
 0.000772671 -0.000294193            1

Parameters_in
798.352       0 1201.46       0
      0 800.903 1199.88       0
      0       0       1       0

Parameters_out
    0.999999   0.00140636 -0.000772233      50.0287
-0.000608233            1  0.000294698      49.9909
 0.000772671 -0.000294193            1      50.0193
           0            0            0            1

projection Matrix: M
     799.279     0.769311      1200.84       100037
     0.43998       800.55      1200.12       100055
 0.000772671 -0.000294193            1      50.0193

Aberration coefficients:（k0~k4）
0.00796733 0.494641 -0.00237539 -0.151977 -0.410613

==================================

Camera : 2
Pic Principle Coordinate: (Cx,Cy)
1101.52 1099.76

Equivalent Focal Length: (Fx,Fy)
898.736 901.074

Translation Vector: (Tx,Ty,Tz)
60.0141 59.9989 60.0249

Rotation Matrix: (r0 ~ r8)
    0.999999   0.00115277  -0.00092322
 -0.00047384            1  0.000521274
 0.000923781 -0.000520885     0.999999

Parameters_in
898.736       0 1101.52       0
      0 901.074 1099.76       0
      0       0       1       0

Parameters_out
    0.999999   0.00115277  -0.00092322      60.0141
 -0.00047384            1  0.000521274      59.9989
 0.000923781 -0.000520885     0.999999      60.0249
           0            0            0            1

projection Matrix: M
     899.753     0.462273      1100.69       120055
    0.588968      900.501      1100.22       120076
 0.000923781 -0.000520885     0.999999      60.0249

Aberration coefficients:（k0~k4）
14.7689 -16.1983 -117.123 -81.6084 75.8706

==================================

