Camera : 1
Pic Principle Coordinate: (Cx,Cy)
nan nan

Equivalent Focal Length: (Fx,Fy)
nan nan

Translation Vector: (Tx,Ty,Tz)
nan nan nan

Rotation Matrix: (r0 ~ r8)
nan nan nan
nan nan nan
nan nan nan

Parameters_in
nan   0 nan   0
  0 nan nan   0
  0   0   1   0

Parameters_out
nan nan nan nan
nan nan nan nan
nan nan nan nan
  0   0   0   1

projection Matrix: M
nan nan nan nan
nan nan nan nan
nan nan nan nan

Aberration coefficients:（k0~k4）
nan nan nan nan nan

==================================

Pic Coordinate of opt: (~x,~y):
nan nan
nan nan
nan nan
nan nan
nan nan
nan nan
nan nan
nan nan
nan nan
Camera : 2
Pic Principle Coordinate: (Cx,Cy)
nan nan

Equivalent Focal Length: (Fx,Fy)
nan nan

Translation Vector: (Tx,Ty,Tz)
nan nan nan

Rotation Matrix: (r0 ~ r8)
nan nan nan
nan nan nan
nan nan nan

Parameters_in
nan   0 nan   0
  0 nan nan   0
  0   0   1   0

Parameters_out
nan nan nan nan
nan nan nan nan
nan nan nan nan
  0   0   0   1

projection Matrix: M
nan nan nan nan
nan nan nan nan
nan nan nan nan

Aberration coefficients:（k0~k4）
nan nan nan nan nan

==================================

Pic Coordinate of opt: (~x,~y):
nan nan
nan nan
nan nan
nan nan
nan nan
nan nan
nan nan
nan nan
nan nan
Camera : 3
Pic Principle Coordinate: (Cx,Cy)
985.209 542.295

Equivalent Focal Length: (Fx,Fy)
1776.72 1364.72

Translation Vector: (Tx,Ty,Tz)
-9.55413 5.91953 116.284

Rotation Matrix: (r0 ~ r8)
 0.563802  0.568036  0.599552
-0.620255  0.770575 -0.146619
-0.545284 -0.289211  0.786779

Parameters_in
1776.72       0 985.209       0
      0 1364.72 542.295       0
      0       0       1       0

Parameters_out
 0.563802  0.568036  0.599552  -9.55413
-0.620255  0.770575 -0.146619   5.91953
-0.545284 -0.289211  0.786779   116.284
        0         0         0         1

projection Matrix: M
  464.498   724.306   1840.38   97588.7
 -1142.18   894.784   226.573   71138.5
-0.545284 -0.289211  0.786779   116.284

Aberration coefficients:（k0~k4）
-0.63799 -0.385849 0.374609 -4.95643 -6.13807

==================================

Pic Coordinate of opt: (~x,~y):
609.706 363.926
652.87 330.033
973.006 451.557
609.103 768.459
777.003 655.457
905.827 574.176
1011.68 697.049
502.868 461.473
923.856 886.766
1009.07 514.418
802.691 700.101
1224.49 721.491
418.129 697.448
1178.42 231.625
807.702 797.931
614.518 556.472
985.712 564.295
1104.85 562.993
945.31 748.746
637.696 716.778
