Camera : 3
Pic Principle Coordinate: (Cx,Cy)
989.169 547.163

Equivalent Focal Length: (Fx,Fy)
1777.37 1365.29

Translation Vector: (Tx,Ty,Tz)
-9.81443 5.50576 116.316

Rotation Matrix: (r0 ~ r8)
 0.564966  0.568726  0.597799
-0.618369  0.771525 -0.149566
-0.546279 -0.285161  0.787568

Parameters_in
1777.37       0 989.169       0
      0 1365.29 547.163       0
      0       0       1       0

Parameters_out
 0.564966  0.568726  0.597799  -9.81443
-0.618369  0.771525 -0.149566   5.50576
-0.546279 -0.285161  0.787568   116.316
        0         0         0         1

projection Matrix: M
  463.794   728.767   1841.55   97612.5
 -1143.16   897.327   226.727   71160.9
-0.546279 -0.285161  0.787568   116.316

Aberration coefficients:（k0~k4）
-1.31149 -0.237392 -0.501986 0.00302104 0.174835

==================================

Pic Coordinate of opt: (~x,~y):
609.274 363.722
652.489 329.778
972.988 451.531
609.084 768.527
776.976 655.494
905.821 574.178
1011.66 696.951
502.389 461.422
923.897 886.464
1009.07 514.419
802.674 700.088
1224.28 721.321
417.803 697.659
1178.53 231.469
807.77 797.845
614.306 556.515
985.7 564.281
1104.82 562.992
945.324 748.644
637.641 716.849
