Camera : 3
Pic Principle Coordinate: (Cx,Cy)
991.045 549.062

Equivalent Focal Length: (Fx,Fy)
1776.77 1364.9

Translation Vector: (Tx,Ty,Tz)
-9.93738 5.34275 116.29

Rotation Matrix: (r0 ~ r8)
 0.565619  0.568985  0.596935
-0.617619  0.771922  -0.15061
-0.546482 -0.283491  0.788029

Parameters_in
1776.77       0 991.045       0
      0  1364.9 549.062       0
      0       0       1       0

Parameters_out
 0.565619  0.568985  0.596935  -9.93738
-0.617619  0.771922  -0.15061   5.34275
-0.546482 -0.283491  0.788029    116.29
        0         0         0         1

projection Matrix: M
  463.384   730.002   1841.59   97592.5
 -1143.04   897.943   227.109     71143
-0.546482 -0.283491  0.788029    116.29

Aberration coefficients:（k0~k4）
-0.143914 -0.192841 -0.15461 0.863341 2.19053

==================================

Pic Coordinate of opt: (~x,~y):
609.182 363.647
652.414 329.71
972.994 451.523
609.115 768.473
776.978 655.477
905.826 574.179
1011.67 696.914
502.309 461.378
923.905 886.331
1009.07 514.411
802.68 700.059
1224.23 721.254
417.808 697.604
1178.55 231.37
807.795 797.786
614.29 556.525
985.696 564.287
1104.81 562.999
945.336 748.6
637.656 716.812