0.002，0.01
Camera : 3
Pic Principle Coordinate: (Cx,Cy)
980.309 539.033

Equivalent Focal Length: (Fx,Fy)
1776.49 1364.57

Translation Vector: (Tx,Ty,Tz)
-9.23406 6.19538 116.268

Rotation Matrix: (r0 ~ r8)
 0.562242  0.567322  0.601689
-0.621502  0.769936 -0.144685
-0.545345 -0.292603  0.785482

Parameters_in
1776.49       0 980.309       0
      0 1364.57 539.033       0
      0       0       1       0

Parameters_out
 0.562242  0.567322  0.601689  -9.23406
-0.621502  0.769936 -0.144685   6.19538
-0.545345 -0.292603  0.785482   116.268
        0         0         0         1

projection Matrix: M
   464.21   721.001   1838.91   97574.4
 -1142.04   892.911   225.968   71126.4
-0.545345 -0.292603  0.785482   116.268

Aberration coefficients:（k0~k4）
-1.40836 -0.680629 1.23987 -8.75186 -10.232

==================================

Pic Coordinate of opt: (~x,~y):
609.961 364.027
653.125 330.148
972.989 451.586
609.135 768.387
777.006 655.453
905.815 574.165
1011.69 697.065
503.211 461.466
923.858 886.96
1009.06 514.416
802.656 700.089
1224.67 721.617
418.346 697.301
1178.41 231.673
807.698 797.971
614.673 556.415
985.71 564.293
1104.87 562.992
945.293 748.825
637.723 716.719