Camera : 3
Pic Principle Coordinate: (Cx,Cy)
989.822 547.004

Equivalent Focal Length: (Fx,Fy)
1777 1365.04

Translation Vector: (Tx,Ty,Tz)
-9.85763 5.5181 116.304

Rotation Matrix: (r0 ~ r8)
 0.565227  0.568799  0.597483
-0.618403  0.771525 -0.149422
-0.545964 -0.285028  0.787834

Parameters_in
   1777       0 989.822       0
      0 1365.04 547.004       0
      0       0       1       0

Parameters_out
 0.565227  0.568799  0.597483  -9.85763
-0.618403  0.771525 -0.149422    5.5181
-0.545964 -0.285028  0.787834   116.304
        0         0         0         1

projection Matrix: M
  464.003   728.633   1841.55     97603
 -1142.79    897.25   226.981     71151
-0.545964 -0.285028  0.787834   116.304

Aberration coefficients:（k0~k4）
-0.0147797 -0.0130798 0.034661 -0.314077 -0.43501

==================================

Pic Coordinate of opt: (~x,~y):
609.31 363.719
652.52 329.783
972.987 451.532
609.081 768.478
776.974 655.482
905.82 574.177
1011.66 696.95
502.434 461.394
923.88 886.445
1009.07 514.419
802.669 700.076
1224.28 721.312
417.836 697.576
1178.49 231.478
807.758 797.825
614.322 556.49
985.7 564.281
1104.82 562.99
945.318 748.64
637.64 716.812